# Created by Octave 7.2.0, Fri Aug 26 16:18:45 2022 GMT <unknown@joacopc>
# name: flujos
# type: matrix
# rows: 41
# columns: 2
 2 30
 3 290
 4 460
 8 560
 9 170
 12 770
 13 900
 15 120
 16 860
 18 430
 19 170
 20 900
 21 550
 22 370
 23 970
 24 610
 28 700
 31 520
 35 640
 36 730
 39 720
 40 610
 43 720
 45 690
 47 870
 50 190
 56 610
 60 620
 61 580
 62 510
 65 610
 67 950
 74 350
 75 710
 80 150
 84 1000
 85 200
 87 310
 92 840
 95 960
 97 990


# name: flujosh
# type: matrix
# rows: 8
# columns: 2
 900 500
 470 540
 760 510
 500 710
 550 360
 890 300
 250 100
 540 790


# name: flujosv
# type: matrix
# rows: 2
# columns: 7
 940 150 630 890 870 80 140
 870 50 800 730 90 40 410


